1.471134 -0.099774 0.641717 0.172148 0.197162 0.070867 -0.228156 -0.080778 0.049503 0.059778 -0.004076 -0.025627 
1.374372 -0.351496 0.406728 0.151138 0.134368 0.332705 0.413110 0.134131 -0.049873 -0.026570 -0.012347 0.020894 
1.355338 0.323122 0.585137 0.441374 0.351394 0.158304 0.096387 0.027034 -0.034099 0.029957 0.071728 -0.011500 
1.210095 -0.305494 0.194415 0.301025 0.528904 0.437002 0.154682 0.172097 0.081052 0.113219 0.066317 0.024065 
1.542864 0.168622 0.705719 0.278938 0.083548 0.202197 -0.032597 -0.223583 -0.046878 0.076485 0.006070 -0.022671 
1.324621 -0.133386 0.407252 -0.146147 0.254559 0.380003 0.308502 0.126294 -0.116152 0.063204 -0.129064 -0.150630 
1.548382 -0.181709 0.571866 0.576184 0.201190 0.087550 0.018684 -0.041235 0.105853 0.045070 -0.203606 -0.087931 
1.065591 -0.464315 0.272866 0.167514 0.573249 0.464867 0.170682 0.233348 0.050509 -0.087509 0.128578 0.146763 
1.434201 -0.453513 0.629380 0.111105 0.288911 0.061930 -0.310481 -0.088190 0.007111 -0.056603 -0.044678 -0.014532 
1.376630 -0.417635 0.376800 -0.214748 0.432696 0.293788 0.240663 0.247542 -0.162393 0.004609 -0.032911 -0.113893 
1.353559 0.269334 0.492345 0.509958 0.431358 0.151850 -0.002957 0.099934 0.141724 0.003123 -0.023905 0.011070 
1.179341 -0.524455 0.141322 0.237460 0.660928 0.322950 0.186661 0.358479 -0.100835 0.028885 0.178414 -0.005059 
1.449158 -0.094798 0.806236 0.021370 0.121106 0.192553 -0.245824 -0.207134 0.005864 0.116232 0.093726 -0.007372 
1.330056 -0.501569 0.625527 -0.025348 0.208747 0.225299 0.419596 0.210339 -0.122355 0.041074 -0.114302 -0.075444 
1.505491 -0.168551 0.711622 0.512709 0.122679 0.159187 0.036128 -0.085643 0.008741 0.141936 -0.145375 -0.185873 
1.050173 -0.326918 0.362813 0.276223 0.460152 0.299353 0.296999 0.335512 -0.078007 -0.010267 0.191678 0.080117 
1.629985 -0.053291 0.600964 0.308153 0.033138 0.157501 -0.105298 -0.185598 0.168955 0.157101 -0.065750 0.006057 
1.412187 -0.409580 0.340073 0.061921 0.284642 0.177604 0.386991 0.307442 -0.120658 -0.128046 0.010267 0.051615 
1.538346 0.197704 0.571814 0.586915 0.395426 -0.026206 -0.028868 0.064613 0.000413 0.035469 -0.023462 -0.055121 
0.981061 -0.380310 0.409750 0.305256 0.598106 0.280369 0.133725 0.279909 0.036314 0.200252 0.082771 -0.066257 
1.493021 0.091839 0.607655 0.503033 0.143088 0.144336 0.121973 -0.166729 -0.051510 0.173303 -0.011037 -0.117021 
1.325927 -0.331441 0.600417 -0.343514 0.244653 0.421663 0.383787 0.114994 -0.132869 0.128331 -0.106853 -0.108590 
1.586397 -0.321050 0.423208 0.522826 0.401087 0.212115 -0.022734 -0.022624 0.069665 -0.020821 -0.189508 -0.055025 
0.973240 -0.624106 0.415768 0.138783 0.661023 0.347806 0.118458 0.343368 0.033123 -0.183643 0.124567 0.210704 
1.601361 -0.469059 0.773948 -0.069804 0.322892 0.055725 -0.342983 -0.066439 0.002513 0.014447 0.035463 0.038546 
1.462475 -0.578461 0.524208 -0.146499 0.286202 0.160475 0.331207 0.380894 -0.131787 -0.069149 -0.044072 -0.068324 
1.485251 0.164057 0.409194 0.466799 0.626330 0.161050 -0.104284 0.094995 0.102876 0.048341 -0.026498 -0.065285 
0.981946 -0.469048 0.314261 0.042135 0.802593 0.381539 0.058861 0.315155 -0.004380 0.011266 0.162013 0.012478 
1.448169 -0.317482 0.912112 0.045035 0.165689 0.157557 -0.234395 -0.198808 -0.107075 0.100003 0.049192 -0.123506 
1.470458 -0.537445 0.528221 -0.215943 0.281519 0.260314 0.459820 0.259768 -0.164256 0.093054 -0.038303 -0.058023 
1.569499 -0.344492 0.453105 0.646237 0.290376 0.199687 0.156793 -0.101668 -0.008606 0.087179 -0.168224 -0.134354 
1.015964 -0.615307 0.287932 0.230357 0.654783 0.274523 0.181587 0.440256 -0.079695 -0.099768 0.229370 0.088193 
