4211.07
3339.42
2896.21
2867.52
2866.98
2832.03
2146.7
1876.18
1850.37
1846.58
1846.06
1810.13
1609.08
1505.79
1429.89
1395.81
1385.91
1382.64
1380.94
1379.85
1379.13
1378.65
1345.35
1185.6
1141.44
1126.94
1117.54
1110.3
1104.12
1100.44
1098.38
1096.7
1095.29
1093.47
1092.54
1091.8
1090.86
1089.98
1089.04
1087.35
1086.26
1085.69
1085.12
1084.3
1083.33
1082.41
1081.48
1080.96
1051.22
946.889
906.041
886.944
877.245
871.027
867.055
864.717
863.195
862.125
861.383
861.019
